Grid containing volume emissivities from Cloudy coronal models. First row is log10(nh), first column is T
#-------------------------------------------------------------------------------------------------------#
0, 10.0, 10.1, 10.2, 10.3, 10.4, 10.5, 10.6, 10.7, 10.8, 10.9, 11.0, 11.1, 11.2, 11.3, 11.4, 11.5, 11.6, 11.7, 11.8, 11.9, 12.0, 12.1, 12.2, 12.3, 12.4, 12.5, 12.6, 12.7, 12.8, 12.9, 13.0, 13.1, 13.2, 13.3, 13.4, 13.5, 13.6, 13.7, 13.8, 13.9, 14.0, 14.1, 14.2, 14.3, 14.4, 14.5, 14.6, 14.7, 14.8, 14.9, 15.0, 15.1, 15.2, 15.3, 15.4, 15.5, 15.6, 15.7, 15.8, 15.9, 16.0, 16.1, 16.2, 16.3, 16.4, 16.5, 16.6, 16.7, 16.8, 16.9, 17.0
3.7, 2.2049e-09, 3.1449e-09, 4.5121e-09, 6.5089e-09, 9.4367e-09, 1.3747e-08, 2.0123e-08, 2.9602e-08, 4.3773e-08, 6.5084e-08, 9.7332e-08, 1.4642e-07, 2.2157e-07, 3.3721e-07, 5.1596e-07, 7.9335e-07, 1.2252e-06, 1.8996e-06, 2.9549e-06, 4.6097e-06, 7.2087e-06, 1.1296e-05, 1.773e-05, 2.7867e-05, 4.3846e-05, 6.9041e-05, 0.00010878, 0.00017144, 0.00027024, 0.00042595, 0.00067125, 0.0010574, 0.0016647, 0.0026192, 0.0041174, 0.0064669, 0.010148, 0.015908, 0.024919, 0.039005, 0.061023, 0.095449, 0.1493, 0.23361, 0.36571, 0.57291, 0.89824, 1.4095, 2.2138, 3.4797, 5.4737, 8.616, 13.57, 21.381, 33.702, 53.136, 83.791, 132.14, 208.39, 328.59, 518.04, 816.54, 1286.4, 2025.6, 3187.6, 5012.2, 7873.2, 12352.0, 19350.0, 30259.0, 47216.0
3.8, 8.1337e-09, 1.2504e-08, 1.9276e-08, 2.9767e-08, 4.6167e-08, 7.1371e-08, 1.0671e-07, 1.6367e-07, 2.5e-07, 3.8105e-07, 5.806e-07, 8.8557e-07, 1.3534e-06, 2.0738e-06, 3.1875e-06, 4.9154e-06, 7.6048e-06, 1.1803e-05, 1.8375e-05, 2.8682e-05, 4.4878e-05, 7.0366e-05, 0.00011052, 0.00017385, 0.00027379, 0.00043158, 0.00068081, 0.0010745, 0.0016966, 0.0026795, 0.0042321, 0.0066845, 0.010557, 0.01667, 0.026317, 0.041537, 0.065542, 0.1034, 0.16309, 0.25721, 0.40564, 0.63975, 1.0091, 1.5919, 2.5119, 3.9645, 6.2585, 9.8818, 15.605, 24.647, 38.931, 61.496, 97.138, 153.43, 242.32, 382.36, 603.7, 952.89, 1503.5, 2371.3, 3738.0, 5888.9, 9270.7, 14582.0, 22915.0, 35967.0, 56376.0, 88218.0, 137760.0, 214590.0, 333270.0
3.9, 3.4012e-08, 5.2296e-08, 8.0444e-08, 1.2381e-07, 1.9055e-07, 2.9354e-07, 4.5248e-07, 6.9779e-07, 1.0774e-06, 1.6652e-06, 2.5764e-06, 3.9942e-06, 6.1993e-06, 9.6498e-06, 1.504e-05, 2.3486e-05, 3.674e-05, 5.7579e-05, 9.0439e-05, 0.00014213, 0.00022405, 0.00035293, 0.00055703, 0.00087934, 0.001389, 0.002196, 0.003474, 0.0054993, 0.0087032, 0.013766, 0.021816, 0.034509, 0.054656, 0.086558, 0.13705, 0.21711, 0.3439, 0.54459, 0.8623, 1.3651, 2.1631, 3.4236, 5.4233, 8.5984, 13.605, 21.541, 34.087, 54.017, 85.549, 135.46, 214.77, 340.26, 538.68, 854.56, 1355.5, 2151.0, 3415.4, 5424.0, 8604.8, 13662.0, 21760.0, 34696.0, 55709.0, 88759.0, 141280.0, 231440.0, 366450.0, 590010.0, 949550.0, 1532200.0, 2468700.0
4.0, 6.1928e-07, 9.7461e-07, 1.5346e-06, 2.4168e-06, 3.8071e-06, 5.9991e-06, 9.4571e-06, 1.4915e-05, 2.3531e-05, 3.7145e-05, 5.8681e-05, 9.2729e-05, 0.00014654, 0.0002318, 0.00036683, 0.00058065, 0.00091938, 0.0014559, 0.0023061, 0.0036534, 0.0057884, 0.0091691, 0.014531, 0.022999, 0.036446, 0.057804, 0.09158, 0.14508, 0.23028, 0.36434, 0.57723, 0.90967, 1.4481, 2.2929, 3.6348, 5.7632, 9.1233, 14.472, 22.926, 36.428, 57.768, 91.872, 146.11, 232.92, 371.89, 597.15, 963.29, 1563.6, 2555.7, 4210.2, 7003.1, 11786.0, 20070.0, 34623.0, 60557.0, 107310.0, 192420.0, 348340.0, 634190.0, 1156400.0, 2104000.0, 3791800.0, 6758000.0, 11910000.0, 20769000.0, 35794000.0, 61031000.0, 102850000.0, 170720000.0, 279400000.0, 451120000.0
4.1, 0.00023645, 0.00037411, 0.00059199, 0.00093684, 0.0014826, 0.0023463, 0.003713, 0.005875, 0.0092946, 0.014702, 0.02325, 0.036759, 0.058103, 0.091812, 0.14504, 0.22905, 0.36163, 0.57082, 0.90086, 1.4215, 2.2431, 3.5399, 5.5875, 8.8236, 13.943, 22.053, 34.928, 55.42, 88.14, 140.61, 225.16, 362.3, 586.38, 955.62, 1569.7, 2600.9, 4350.6, 7351.2, 12513.0, 21441.0, 36913.0, 63721.0, 110110.0, 190120.0, 327420.0, 561730.0, 959210.0, 1630000.0, 2757200.0, 4641700.0, 7783300.0, 12975000.0, 21489000.0, 35316000.0, 57556000.0, 93030000.0, 149110000.0, 237070000.0, 374090000.0, 586000000.0, 911390000.0, 1407500000.0, 2157500000.0, 3280000000.0, 4946400000.0, 7389800000.0, 10943000000.0, 16051000000.0, 23307000000.0, 33535000000.0, 47780000000.0
4.2, 0.0085114, 0.013485, 0.021363, 0.033846, 0.053622, 0.084954, 0.13459, 0.21323, 0.33783, 0.53522, 0.84796, 1.3435, 2.1285, 3.3725, 5.3438, 8.468, 13.42, 21.271, 33.722, 53.471, 84.807, 134.54, 213.49, 338.83, 537.8, 853.54, 1354.2, 2147.4, 3402.5, 5385.5, 8513.5, 13439.0, 21183.0, 33336.0, 52370.0, 82133.0, 128510.0, 200710.0, 312680.0, 485840.0, 752700.0, 1162400.0, 1788700.0, 2742600.0, 4190000.0, 6380000.0, 9690200.0, 14687000.0, 22240000.0, 33679000.0, 51051000.0, 77517000.0, 117940000.0, 179880000.0, 275040000.0, 421530000.0, 647690000.0, 996960000.0, 1535200000.0, 2366800000.0, 3648200000.0, 5610100000.0, 8622400000.0, 13218000000.0, 20153000000.0, 30657000000.0, 46271000000.0, 69611000000.0, 103670000000.0, 153820000000.0, 225580000000.0
4.3, 0.013778, 0.021867, 0.034713, 0.055119, 0.087534, 0.13904, 0.22087, 0.35088, 0.55743, 0.88548, 1.4063, 2.2329, 3.5435, 5.6197, 8.9046, 14.094, 22.276, 35.149, 55.349, 86.96, 136.28, 213.0, 331.96, 515.93, 799.71, 1236.6, 1907.9, 2938.2, 4518.7, 6941.7, 10656.0, 16350.0, 25072.0, 38442.0, 58932.0, 90336.0, 138440.0, 212100.0, 324650.0, 496450.0, 757830.0, 1154100.0, 1752500.0, 2652200.0, 4000000.0, 6012500.0, 9012200.0, 13480000.0, 20135000.0, 30061000.0, 44893000.0, 67103000.0, 100440000.0, 150620000.0, 226280000.0, 340840000.0, 514510000.0, 778960000.0, 1182400000.0, 1799100000.0, 2743200000.0, 4195500000.0, 6423700000.0, 9870300000.0, 15201000000.0, 23403000000.0, 36169000000.0, 55789000000.0, 86400000000.0, 133220000000.0, 206250000000.0
4.4, 0.0098329, 0.015583, 0.024701, 0.039162, 0.062098, 0.098476, 0.15617, 0.24767, 0.39276, 0.62272, 0.9871, 1.5641, 2.4773, 3.9209, 6.2006, 9.7955, 15.454, 24.344, 38.278, 60.064, 94.037, 146.88, 228.85, 355.75, 551.77, 854.1, 1319.8, 2036.7, 3139.8, 4836.7, 7447.5, 11465.0, 17649.0, 27175.0, 41854.0, 64494.0, 99430.0, 153370.0, 236660.0, 365230.0, 563590.0, 869240.0, 1339100.0, 2060400.0, 3165600.0, 4855300.0, 7434200.0, 11363000.0, 17340000.0, 26420000.0, 40198000.0, 61077000.0, 92674000.0, 140430000.0, 212510000.0, 321210000.0, 484870000.0, 730880000.0, 1100700000.0, 1656300000.0, 2489200000.0, 3741600000.0, 5623500000.0, 8448100000.0, 12713000000.0, 19133000000.0, 28889000000.0, 43648000000.0, 66288000000.0, 100740000000.0, 154100000000.0
4.5, 0.0083331, 0.013172, 0.020825, 0.032933, 0.052089, 0.082399, 0.13036, 0.20623, 0.32626, 0.51611, 0.81633, 1.291, 2.0411, 3.2259, 5.0966, 8.0476, 12.699, 20.021, 31.534, 49.612, 77.952, 122.31, 191.65, 299.89, 468.66, 731.58, 1141.0, 1778.2, 2769.9, 4313.4, 6716.4, 10458.0, 16288.0, 25370.0, 39525.0, 61587.0, 95963.0, 149540.0, 233000.0, 362950.0, 565220.0, 879810.0, 1368800.0, 2128100.0, 3306900.0, 5135200.0, 7968500.0, 12355000.0, 19140000.0, 29618000.0, 45773000.0, 70616000.0, 108720000.0, 166980000.0, 255810000.0, 390520000.0, 593890000.0, 899260000.0, 1355800000.0, 2034500000.0, 3037100000.0, 4513500000.0, 6676300000.0, 9827700000.0, 14420000000.0, 21083000000.0, 30795000000.0, 44970000000.0, 65663000000.0, 96259000000.0, 141420000000.0
4.6, 0.0097619, 0.015407, 0.024325, 0.038418, 0.060694, 0.095915, 0.15161, 0.23971, 0.37909, 0.59961, 0.9486, 1.501, 2.3756, 3.7604, 5.9541, 9.4285, 14.932, 23.653, 37.462, 59.327, 93.93, 148.66, 235.17, 371.82, 587.45, 927.56, 1463.5, 2307.8, 3636.9, 5728.5, 9019.2, 14195.0, 22332.0, 35132.0, 55256.0, 86895.0, 136630.0, 214810.0, 337640.0, 530520.0, 833400.0, 1308300.0, 2052600.0, 3218200.0, 5041100.0, 7888700.0, 12331000.0, 19250000.0, 30005000.0, 46682000.0, 72473000.0, 112240000.0, 173310000.0, 266720000.0, 409480000.0, 625830000.0, 952190000.0, 1441200000.0, 2169200000.0, 3245200000.0, 4820800000.0, 7114700000.0, 10425000000.0, 15149000000.0, 21877000000.0, 31341000000.0, 44676000000.0, 63359000000.0, 89359000000.0, 125940000000.0, 177100000000.0
4.7, 0.01445, 0.022812, 0.036034, 0.05695, 0.090056, 0.1425, 0.22557, 0.35722, 0.56591, 0.89673, 1.4211, 2.2523, 3.5695, 5.6563, 8.9615, 14.195, 22.481, 35.594, 56.342, 89.161, 141.06, 223.11, 352.8, 557.72, 881.47, 1392.8, 2200.5, 3475.9, 5489.9, 8669.9, 13691.0, 21618.0, 34135.0, 53896.0, 85095.0, 134350.0, 212110.0, 334850.0, 528560.0, 834210.0, 1316300.0, 2076400.0, 3274000.0, 5160100.0, 8128100.0, 12795000.0, 20123000.0, 31617000.0, 49615000.0, 77736000.0, 121570000.0, 189690000.0, 295140000.0, 457630000.0, 706620000.0, 1086100000.0, 1660300000.0, 2521900000.0, 3803700000.0, 5692600000.0, 8446300000.0, 12425000000.0, 18116000000.0, 26160000000.0, 37479000000.0, 53198000000.0, 75045000000.0, 105190000000.0, 146230000000.0, 202790000000.0, 279220000000.0
4.8, 0.023638, 0.037124, 0.058302, 0.091584, 0.14392, 0.2263, 0.35603, 0.56051, 0.88302, 1.392, 2.1956, 3.4649, 5.4708, 8.6416, 13.655, 21.585, 34.128, 53.971, 85.369, 135.05, 213.66, 338.04, 534.85, 846.24, 1338.9, 2118.4, 3351.6, 5302.4, 8388.6, 13271.0, 20993.0, 33208.0, 52527.0, 83082.0, 131400.0, 207800.0, 328600.0, 519530.0, 821270.0, 1298000.0, 2050800.0, 3239000.0, 5113300.0, 8067900.0, 12721000.0, 20043000.0, 31548000.0, 49598000.0, 77866000.0, 122040000.0, 190870000.0, 297820000.0, 463350000.0, 718470000.0, 1109700000.0, 1706200000.0, 2609800000.0, 3968300000.0, 5994900000.0, 8991200000.0, 13380000000.0, 19753000000.0, 28918000000.0, 41977000000.0, 60439000000.0, 86310000000.0, 122340000000.0, 172180000000.0, 240550000000.0, 334110000000.0, 460860000000.0
4.9, 0.03593, 0.056065, 0.087486, 0.13658, 0.2134, 0.33379, 0.52281, 0.81993, 1.2876, 2.0247, 3.1875, 5.0233, 7.9234, 12.508, 19.758, 31.228, 49.381, 78.117, 123.61, 195.66, 309.76, 490.48, 776.73, 1230.1, 1948.4, 3086.1, 4888.3, 7743.1, 12265.0, 19428.0, 30772.0, 48739.0, 77192.0, 122240.0, 193570.0, 306470.0, 485140.0, 767780.0, 1214700.0, 1921000.0, 3036600.0, 4797300.0, 7573200.0, 11945000.0, 18819000.0, 29612000.0, 46523000.0, 72963000.0, 114190000.0, 178290000.0, 277630000.0, 431050000.0, 667070000.0, 1028700000.0, 1580400000.0, 2418100000.0, 3683700000.0, 5585100000.0, 8425000000.0, 12639000000.0, 18849000000.0, 27937000000.0, 41144000000.0, 60193000000.0, 87496000000.0, 126350000000.0, 181320000000.0, 258570000000.0, 366380000000.0, 515970000000.0, 721870000000.0
5.0, 0.044506, 0.069954, 0.10984, 0.1723, 0.27003, 0.42291, 0.66201, 1.0361, 1.622, 2.5401, 3.981, 6.2447, 9.8057, 15.414, 24.256, 38.211, 60.252, 95.089, 150.19, 237.37, 375.37, 593.9, 940.02, 1488.4, 2357.2, 3734.1, 5916.3, 9375.0, 14858.0, 23549.0, 37326.0, 59166.0, 93789.0, 148670.0, 235660.0, 373500.0, 591900.0, 937800.0, 1485400.0, 2351700.0, 3721300.0, 5884300.0, 9296500.0, 14671000.0, 23123000.0, 36386000.0, 57147000.0, 89557000.0, 139990000.0, 218210000.0, 339070000.0, 525140000.0, 810490000.0, 1246500000.0, 1910300000.0, 2917300000.0, 4439500000.0, 6731800000.0, 10170000000.0, 15305000000.0, 22932000000.0, 34206000000.0, 50771000000.0, 74964000000.0, 110090000000.0, 160770000000.0, 233450000000.0, 337010000000.0, 483510000000.0, 689480000000.0, 976800000000.0
5.1, 0.043859, 0.069224, 0.1092, 0.17215, 0.2712, 0.42695, 0.67164, 1.0558, 1.6584, 2.6032, 4.0839, 6.4043, 10.041, 15.744, 24.694, 38.752, 60.858, 95.657, 150.5, 237.02, 373.63, 589.51, 930.85, 1470.9, 2325.6, 3679.1, 5822.7, 9218.7, 14600.0, 23130.0, 36653.0, 58096.0, 92102.0, 146040.0, 231590.0, 367310.0, 582580.0, 924030.0, 1465500.0, 2323900.0, 3684100.0, 5838400.0, 9247800.0, 14639000.0, 23152000.0, 36580000.0, 57721000.0, 90942000.0, 143030000.0, 224510000.0, 351590000.0, 549270000.0, 855820000.0, 1329800000.0, 2060600000.0, 3183200000.0, 4902400000.0, 7524900000.0, 11511000000.0, 17542000000.0, 26619000000.0, 40213000000.0, 60447000000.0, 90379000000.0, 134390000000.0, 198650000000.0, 291920000000.0, 426330000000.0, 618670000000.0, 892110000000.0, 1.2779e+12
5.2, 0.04615, 0.072854, 0.11495, 0.18128, 0.28573, 0.45009, 0.70857, 1.1148, 1.753, 2.7552, 4.3284, 6.7979, 10.674, 16.759, 26.314, 41.324, 64.912, 102.0, 160.33, 252.14, 396.73, 624.58, 983.85, 1550.7, 2445.8, 3859.7, 6094.6, 9628.6, 15219.0, 24067.0, 38075.0, 60256.0, 95391.0, 151050.0, 239250.0, 379020.0, 600530.0, 951580.0, 1507900.0, 2389300.0, 3785700.0, 5997100.0, 9497700.0, 15036000.0, 23794000.0, 37629000.0, 59465000.0, 93887000.0, 148070000.0, 233220000.0, 366790000.0, 575860000.0, 902320000.0, 1410800000.0, 2201700000.0, 3425100000.0, 5312900000.0, 8213600000.0, 12654000000.0, 19419000000.0, 29664000000.0, 45098000000.0, 68195000000.0, 102510000000.0, 153180000000.0, 227420000000.0, 335560000000.0, 492030000000.0, 716940000000.0, 1.039e+12, 1.4974e+12
5.3, 0.047609, 0.075169, 0.11862, 0.18709, 0.2949, 0.46451, 0.73114, 1.15, 1.8076, 2.8396, 4.4588, 6.9993, 10.986, 17.246, 27.082, 42.546, 66.875, 105.18, 165.53, 260.65, 410.64, 647.23, 1020.6, 1609.8, 2540.1, 4009.2, 6330.2, 9998.3, 15797.0, 24969.0, 39480.0, 62447.0, 98806.0, 156380.0, 247570.0, 392030.0, 620890.0, 983470.0, 1557900.0, 2467900.0, 3909200.0, 6191500.0, 9804400.0, 15521000.0, 24562000.0, 38849000.0, 61407000.0, 96986000.0, 153030000.0, 241170000.0, 379540000.0, 596290000.0, 935000000.0, 1462800000.0, 2285700000.0, 3556800000.0, 5517700000.0, 8527900000.0, 13135000000.0, 20150000000.0, 30766000000.0, 46766000000.0, 70727000000.0, 106360000000.0, 159090000000.0, 236550000000.0, 349880000000.0, 514850000000.0, 753850000000.0, 1.0999e+12, 1.5994e+12
5.4, 0.045183, 0.071273, 0.11239, 0.17716, 0.27913, 0.43958, 0.69194, 1.0886, 1.712, 2.6914, 4.2298, 6.6467, 10.445, 16.416, 25.809, 40.593, 63.879, 100.58, 158.44, 249.72, 393.77, 621.18, 980.27, 1547.4, 2443.3, 3858.6, 6094.8, 9628.5, 15213.0, 24041.0, 37997.0, 60067.0, 94973.0, 150200.0, 237590.0, 375910.0, 594880.0, 941580.0, 1490500.0, 2359700.0, 3735700.0, 5913500.0, 9359300.0, 14808000.0, 23420000.0, 37016000.0, 58458000.0, 92226000.0, 145310000.0, 228580000.0, 358860000.0, 562080000.0, 877950000.0, 1367000000.0, 2126400000.0, 3286300000.0, 5057600000.0, 7745900000.0, 11817000000.0, 17951000000.0, 27143000000.0, 40905000000.0, 61428000000.0, 91893000000.0, 137150000000.0, 204030000000.0, 303030000000.0, 449260000000.0, 664590000000.0, 983090000000.0, 1.4525e+12
5.5, 0.028974, 0.045726, 0.072159, 0.11386, 0.17965, 0.28341, 0.44705, 0.70511, 1.112, 1.7535, 2.765, 4.36, 6.8751, 10.842, 17.099, 26.971, 42.55, 67.136, 105.95, 167.21, 263.94, 416.69, 657.91, 1039.0, 1640.9, 2592.2, 4095.7, 6472.5, 10231.0, 16175.0, 25577.0, 40453.0, 63994.0, 101250.0, 160240.0, 253650.0, 401620.0, 636040.0, 1007500.0, 1596400.0, 2529800.0, 4009300.0, 6354400.0, 10070000.0, 15955000.0, 25270000.0, 39998000.0, 63259000.0, 99939000.0, 157670000.0, 248300000.0, 390210000.0, 611650000.0, 955890000.0, 1497700000.0, 2324100000.0, 3592600000.0, 5525100000.0, 8471800000.0, 12942000000.0, 19683000000.0, 29881000000.0, 45262000000.0, 68362000000.0, 103240000000.0, 155610000000.0, 234670000000.0, 353820000000.0, 532590000000.0, 802750000000.0, 1.2082e+12
5.6, 0.019555, 0.030923, 0.0489, 0.077328, 0.12228, 0.19337, 0.30577, 0.48348, 0.76442, 1.2085, 1.9104, 3.0196, 4.772, 7.5404, 11.913, 18.816, 29.714, 46.911, 74.044, 116.84, 184.33, 290.74, 458.54, 723.15, 1140.5, 1799.0, 2838.3, 4479.1, 7070.8, 11166.0, 17638.0, 27869.0, 44047.0, 69631.0, 110100.0, 174100.0, 275340.0, 435500.0, 688880.0, 1089800.0, 1724000.0, 2727600.0, 4315500.0, 6827600.0, 10801000.0, 17085000.0, 27017000.0, 42705000.0, 67466000.0, 106510000.0, 167980000.0, 264630000.0, 416290000.0, 653780000.0, 1036100000.0, 1620700000.0, 2529500000.0, 3932800000.0, 6108500000.0, 9466200000.0, 14615000000.0, 22554000000.0, 34743000000.0, 53347000000.0, 81915000000.0, 125390000000.0, 191950000000.0, 293390000000.0, 446940000000.0, 680950000000.0, 1.034e+12
5.7, 0.017422, 0.027523, 0.04348, 0.068693, 0.10853, 0.17147, 0.27091, 0.42801, 0.67619, 1.0682, 1.6873, 2.6648, 4.208, 6.6436, 10.487, 16.548, 26.107, 41.175, 64.92, 102.33, 161.25, 254.05, 400.2, 630.39, 993.03, 1564.5, 2465.4, 3885.9, 6127.0, 9663.4, 15246.0, 24059.0, 37976.0, 59955.0, 94667.0, 149490.0, 236080.0, 372810.0, 588730.0, 929610.0, 1467700.0, 2317000.0, 3657200.0, 5771600.0, 9106600.0, 14366000.0, 22657000.0, 35722000.0, 56301000.0, 88697000.0, 139660000.0, 219740000.0, 345440000.0, 542500000.0, 862420000.0, 1351000000.0, 2112800000.0, 3294100000.0, 5132100000.0, 7979400000.0, 12364000000.0, 19145000000.0, 29586000000.0, 45568000000.0, 70161000000.0, 107680000000.0, 165240000000.0, 253160000000.0, 386640000000.0, 590580000000.0, 899310000000.0
5.8, 0.014533, 0.022917, 0.036143, 0.057015, 0.089959, 0.14197, 0.22408, 0.35373, 0.55847, 0.8818, 1.3924, 2.1989, 3.4724, 5.4836, 8.6594, 13.674, 21.591, 34.09, 53.819, 84.961, 134.11, 211.69, 334.13, 527.38, 832.43, 1314.0, 2074.2, 3274.6, 5170.0, 8162.9, 12889.0, 20352.0, 32138.0, 50747.0, 80132.0, 126530.0, 199780.0, 315410.0, 497940.0, 785990.0, 1240500.0, 1957500.0, 3088100.0, 4870700.0, 7680000.0, 12106000.0, 19077000.0, 30051000.0, 47322000.0, 74492000.0, 117210000.0, 184330000.0, 289700000.0, 454940000.0, 723000000.0, 1133500000.0, 1774600000.0, 2771700000.0, 4324900000.0, 6735700000.0, 10461000000.0, 16229000000.0, 25130000000.0, 38806000000.0, 59888000000.0, 92190000000.0, 141890000000.0, 218140000000.0, 334640000000.0, 513480000000.0, 786200000000.0
5.9, 0.012668, 0.019967, 0.031483, 0.049661, 0.078368, 0.12371, 0.19537, 0.30862, 0.48766, 0.77074, 1.2184, 1.9264, 3.0461, 4.8172, 7.6187, 12.05, 19.06, 30.148, 47.686, 75.425, 119.3, 188.68, 298.41, 471.92, 746.27, 1180.0, 1865.6, 2949.3, 4661.9, 7367.7, 11642.0, 18394.0, 29057.0, 45894.0, 72477.0, 114440.0, 180680.0, 285220.0, 450190.0, 710490.0, 1121100.0, 1768700.0, 2789600.0, 4398700.0, 6933800.0, 10926000.0, 17212000.0, 27102000.0, 42658000.0, 67116000.0, 105550000.0, 165910000.0, 260650000.0, 409240000.0, 648470000.0, 1017100000.0, 1593500000.0, 2492700000.0, 3895800000.0, 6080200000.0, 9471500000.0, 14740000000.0, 22908000000.0, 35535000000.0, 55085000000.0, 85241000000.0, 131850000000.0, 203740000000.0, 314310000000.0, 484740000000.0, 746260000000.0
6.0, 0.012358, 0.019467, 0.03068, 0.048377, 0.076316, 0.12045, 0.19017, 0.30037, 0.47459, 0.75004, 1.1857, 1.8746, 2.9645, 4.6886, 7.4163, 11.732, 18.56, 29.364, 46.459, 73.508, 116.31, 184.02, 291.15, 460.62, 728.7, 1152.7, 1823.3, 2883.6, 4560.0, 7210.0, 11398.0, 18016.0, 28472.0, 44990.0, 71076.0, 112270.0, 177310.0, 279970.0, 442000.0, 697630.0, 1100900.0, 1736800.0, 2739200.0, 4318900.0, 6807500.0, 10727000.0, 16896000.0, 26604000.0, 41874000.0, 65882000.0, 103610000.0, 162870000.0, 255890000.0, 401830000.0, 634610000.0, 995890000.0, 1561700000.0, 2446700000.0, 3830600000.0, 5992100000.0, 9362800000.0, 14619000000.0, 22804000000.0, 35526000000.0, 55302000000.0, 85965000000.0, 133510000000.0, 207090000000.0, 320680000000.0, 496000000000.0, 765640000000.0
6.1, 0.011976, 0.018879, 0.029772, 0.046965, 0.074116, 0.117, 0.18477, 0.29188, 0.4612, 0.72891, 1.1523, 1.8219, 2.8811, 4.5568, 7.208, 11.403, 18.041, 28.544, 45.164, 71.464, 113.08, 178.93, 283.12, 447.96, 708.72, 1121.2, 1773.5, 2805.1, 4436.1, 7014.4, 11089.0, 17529.0, 27701.0, 43768.0, 69140.0, 109190.0, 172410.0, 272150.0, 429480.0, 677570.0, 1068700.0, 1685100.0, 2656500.0, 4186600.0, 6596500.0, 10391000.0, 16366000.0, 25771000.0, 40571000.0, 63857000.0, 100480000.0, 158060000.0, 248550000.0, 390690000.0, 616040000.0, 967810000.0, 1519600000.0, 2384200000.0, 3738400000.0, 5857800000.0, 9170700000.0, 14347000000.0, 22428000000.0, 35022000000.0, 54641000000.0, 85143000000.0, 132530000000.0, 205990000000.0, 319610000000.0, 495100000000.0, 765300000000.0
6.2, 0.01116, 0.017611, 0.027791, 0.043859, 0.069222, 0.10926, 0.17248, 0.27229, 0.4299, 0.67881, 1.0719, 1.6929, 2.6737, 4.223, 6.6704, 10.536, 16.643, 26.29, 41.526, 65.59, 103.59, 163.6, 258.33, 407.89, 643.93, 1016.4, 1604.1, 2531.2, 3993.3, 6298.5, 9932.2, 15658.0, 24679.0, 38885.0, 61252.0, 96453.0, 151840.0, 238940.0, 375890.0, 591110.0, 929270.0, 1460400.0, 2294300.0, 3603300.0, 5657700.0, 8880900.0, 13937000.0, 21866000.0, 34298000.0, 53783000.0, 84312000.0, 132130000.0, 206970000.0, 324070000.0, 508330000.0, 795410000.0, 1243900000.0, 1944000000.0, 3036300000.0, 4739000000.0, 7391100000.0, 11520000000.0, 17941000000.0, 27918000000.0, 43409000000.0, 67429000000.0, 104650000000.0, 162240000000.0, 251220000000.0, 388560000000.0, 600130000000.0
6.3, 0.0082281, 0.012984, 0.020485, 0.032315, 0.050971, 0.080389, 0.12678, 0.19991, 0.31522, 0.49702, 0.78363, 1.2355, 1.9478, 3.0707, 4.8407, 7.6309, 12.029, 18.96, 29.884, 47.098, 74.225, 116.97, 184.3, 290.38, 457.47, 720.63, 1135.1, 1787.6, 2815.0, 4432.2, 6977.4, 10982.0, 17281.0, 27188.0, 42762.0, 67243.0, 105710.0, 166130.0, 261020.0, 409990.0, 643800.0, 1010700.0, 1586200.0, 2488800.0, 3904200.0, 6123100.0, 9601100.0, 15052000.0, 23592000.0, 36970000.0, 57920000.0, 90721000.0, 142060000.0, 222380000.0, 348570000.0, 545440000.0, 853170000.0, 1333800000.0, 2084200000.0, 3254600000.0, 5078000000.0, 7916400000.0, 12329000000.0, 19178000000.0, 29800000000.0, 46247000000.0, 71690000000.0, 111010000000.0, 171700000000.0, 265330000000.0, 409600000000.0
6.4, 0.0057272, 0.0090494, 0.014297, 0.022585, 0.035673, 0.056342, 0.08898, 0.14052, 0.2219, 0.3504, 0.5533, 0.87368, 1.3796, 2.1783, 3.4395, 5.4309, 8.5751, 13.539, 21.377, 33.75, 53.285, 84.121, 132.8, 209.63, 330.88, 522.25, 824.21, 1300.7, 2052.3, 3237.9, 5107.8, 8055.8, 12702.0, 20024.0, 31558.0, 49722.0, 78314.0, 123310.0, 194080.0, 305370.0, 480300.0, 755150.0, 1186900.0, 1864700.0, 2928700.0, 4598500.0, 7218200.0, 11327000.0, 17770000.0, 27872000.0, 43706000.0, 68518000.0, 107390000.0, 168270000.0, 263880000.0, 413350000.0, 647260000.0, 1013100000.0, 1585100000.0, 2478400000.0, 3872200000.0, 6044500000.0, 9425600000.0, 14680000000.0, 22833000000.0, 35463000000.0, 55002000000.0, 85185000000.0, 131750000000.0, 203550000000.0, 314140000000.0
6.5, 0.0041786, 0.0066118, 0.010461, 0.01655, 0.026181, 0.041415, 0.06551, 0.10362, 0.16388, 0.25919, 0.40991, 0.64824, 1.0251, 1.621, 2.5633, 4.0531, 6.4086, 10.133, 16.02, 25.327, 40.041, 63.299, 100.06, 158.17, 250.01, 395.17, 624.56, 987.06, 1559.9, 2464.9, 3894.7, 6153.1, 9719.4, 15350.0, 24237.0, 38261.0, 60386.0, 95278.0, 150290.0, 236990.0, 373600.0, 588790.0, 927620.0, 1461000.0, 2300500.0, 3621500.0, 5699600.0, 8968300.0, 14109000.0, 22193000.0, 34902000.0, 54881000.0, 86282000.0, 135630000.0, 213280000.0, 335160000.0, 526570000.0, 827040000.0, 1298500000.0, 2037900000.0, 3196500000.0, 5010500000.0, 7847600000.0, 12279000000.0, 19192000000.0, 29957000000.0, 46693000000.0, 72666000000.0, 112900000000.0, 175130000000.0, 271240000000.0
6.6, 0.0034185, 0.0054148, 0.0085766, 0.013584, 0.021515, 0.034075, 0.053967, 0.085469, 0.13536, 0.21436, 0.33946, 0.53756, 0.85124, 1.3479, 2.1344, 3.3797, 5.3514, 8.4732, 13.416, 21.241, 33.629, 53.241, 84.289, 133.44, 211.24, 334.4, 529.35, 837.91, 1326.3, 2099.2, 3322.5, 5258.3, 8321.1, 13166.0, 20830.0, 32950.0, 52114.0, 82408.0, 130290.0, 205940.0, 325450.0, 514190.0, 812200.0, 1282600.0, 2025000.0, 3196400.0, 5044300.0, 7958800.0, 12555000.0, 19802000.0, 31226000.0, 49232000.0, 77610000.0, 122330000.0, 192830000.0, 303850000.0, 478710000.0, 754020000.0, 1187400000.0, 1869400000.0, 2942000000.0, 4628300000.0, 7277600000.0, 11437000000.0, 17961000000.0, 28183000000.0, 44181000000.0, 69183000000.0, 108190000000.0, 168980000000.0, 263510000000.0
6.7, 0.0032008, 0.005072, 0.0080368, 0.012735, 0.020178, 0.031973, 0.050662, 0.080273, 0.12719, 0.20153, 0.31932, 0.50595, 0.80164, 1.2701, 2.0124, 3.1884, 5.0516, 8.0034, 12.68, 20.088, 31.825, 50.417, 79.869, 126.52, 200.42, 317.48, 502.88, 796.52, 1261.6, 1998.1, 3164.5, 5011.6, 7936.3, 12567.0, 19897.0, 31501.0, 49867.0, 78932.0, 124920.0, 197680.0, 312780.0, 494810.0, 782630.0, 1237600.0, 1956800.0, 3093300.0, 4888900.0, 7725400.0, 12205000.0, 19279000.0, 30448000.0, 48081000.0, 75911000.0, 119830000.0, 189170000.0, 298550000.0, 471100000.0, 743260000.0, 1172500000.0, 1849200000.0, 2915900000.0, 4596900000.0, 7245100000.0, 11415000000.0, 17979000000.0, 28304000000.0, 44537000000.0, 70037000000.0, 110060000000.0, 172810000000.0, 271100000000.0
6.8, 0.0031864, 0.0050497, 0.0080027, 0.012683, 0.020099, 0.031853, 0.05048, 0.079998, 0.12678, 0.20091, 0.3184, 0.50457, 0.79961, 1.2671, 2.008, 3.182, 5.0423, 7.99, 12.661, 20.061, 31.786, 50.362, 79.79, 126.41, 200.25, 317.22, 502.47, 795.85, 1260.4, 1996.1, 3160.8, 5004.9, 7924.4, 12546.0, 19862.0, 31441.0, 49768.0, 78773.0, 124670.0, 197310.0, 312240.0, 494090.0, 781760.0, 1236800.0, 1956500.0, 3094700.0, 4894300.0, 7739300.0, 12237000.0, 19344000.0, 30577000.0, 48325000.0, 76365000.0, 120660000.0, 190630000.0, 301120000.0, 475600000.0, 751060000.0, 1185900000.0, 1872300000.0, 2955400000.0, 4664400000.0, 7360300000.0, 11612000000.0, 18316000000.0, 28883000000.0, 45534000000.0, 71761000000.0, 113050000000.0, 178020000000.0, 280180000000.0
6.9, 0.0032324, 0.0051228, 0.0081188, 0.012867, 0.020392, 0.032317, 0.051216, 0.081165, 0.12863, 0.20383, 0.32301, 0.51186, 0.81108, 1.2852, 2.0363, 3.2263, 5.1114, 8.0974, 12.827, 20.318, 32.18, 50.965, 80.707, 127.79, 202.33, 320.3, 507.0, 802.42, 1269.8, 2009.1, 3178.5, 5027.8, 7952.3, 12577.0, 19889.0, 31452.0, 49734.0, 78641.0, 124350.0, 196620.0, 310910.0, 491650.0, 777460.0, 1229400.0, 1944200.0, 3074400.0, 4861500.0, 7687000.0, 12154000.0, 19216000.0, 30377000.0, 48018000.0, 75894000.0, 119940000.0, 189530000.0, 299440000.0, 473050000.0, 747180000.0, 1180000000.0, 1863400000.0, 2942000000.0, 4644300000.0, 7330400000.0, 11568000000.0, 18253000000.0, 28794000000.0, 45415000000.0, 71613000000.0, 112890000000.0, 177920000000.0, 280310000000.0
7.0, 0.003206, 0.0050808, 0.0080518, 0.01276, 0.02022, 0.032042, 0.050773, 0.080449, 0.12747, 0.20194, 0.31991, 0.50676, 0.80263, 1.2711, 2.0128, 3.1867, 5.0447, 7.9847, 12.636, 19.995, 31.635, 50.044, 79.155, 125.19, 197.96, 313.0, 494.81, 782.11, 1236.0, 1953.0, 3085.4, 4873.7, 7697.4, 12156.0, 19195.0, 30310.0, 47862.0, 75578.0, 119350.0, 188490.0, 297720.0, 470320.0, 743080.0, 1174200.0, 1855600.0, 2932900.0, 4635900.0, 7328200.0, 11585000.0, 18313000.0, 28950000.0, 45763000.0, 72336000.0, 114330000.0, 180690000.0, 285530000.0, 451150000.0, 712720000.0, 1125800000.0, 1778100000.0, 2807800000.0, 4433200000.0, 6998300000.0, 11046000000.0, 17432000000.0, 27504000000.0, 43388000000.0, 68432000000.0, 107900000000.0, 170100000000.0, 268080000000.0
